=== Motor Control + Encoder RPM Test (10ms) ===
1, 0.010, 131, 45, 613.64
2, 0.020, 135, 84, 531.82
3, 0.030, 139, 124, 545.45
4, 0.040, 143, 164, 545.45
5, 0.050, 147, 204, 545.45
6, 0.060, 151, 243, 531.82
7, 0.070, 155, 284, 559.09
8, 0.080, 159, 327, 586.36
9, 0.090, 163, 369, 572.73
10, 0.100, 166, 407, 518.18
11, 0.110, 170, 449, 572.73
12, 0.120, 174, 491, 572.73
13, 0.130, 178, 536, 613.64
14, 0.140, 181, 581, 613.64
15, 0.150, 185, 625, 600.00
16, 0.160, 188, 673, 654.55
17, 0.170, 192, 718, 613.64
18, 0.180, 195, 765, 640.91
19, 0.190, 199, 814, 668.18
20, 0.200, 202, 861, 640.91
21, 0.210, 205, 911, 681.82
22, 0.220, 208, 961, 681.82
23, 0.230, 211, 1013, 709.09
24, 0.240, 214, 1063, 681.82
25, 0.250, 217, 1117, 736.36
26, 0.260, 220, 1171, 736.36
27, 0.270, 223, 1230, 804.55
28, 0.280, 225, 1284, 736.36
29, 0.290, 228, 1339, 750.00
30, 0.300, 230, 1399, 818.18
31, 0.310, 232, 1455, 763.64
32, 0.320, 235, 1513, 790.91
33, 0.330, 237, 1574, 831.82
34, 0.340, 239, 1635, 831.82
35, 0.350, 241, 1698, 859.09
36, 0.360, 242, 1760, 845.45
37, 0.370, 244, 1823, 859.09
38, 0.380, 246, 1886, 859.09
39, 0.390, 247, 1949, 859.09
40, 0.400, 248, 2014, 886.36
41, 0.410, 249, 2077, 859.09
42, 0.420, 250, 2141, 872.73
43, 0.430, 251, 2206, 886.36
44, 0.440, 252, 2273, 913.64
45, 0.450, 253, 2340, 913.64
46, 0.460, 253, 2405, 886.36
47, 0.470, 254, 2474, 940.91
48, 0.480, 254, 2543, 940.91
49, 0.490, 254, 2611, 927.27
50, 0.500, 255, 2682, 968.18
51, 0.510, 254, 2751, 940.91
52, 0.520, 254, 2820, 940.91
53, 0.530, 254, 2888, 927.27
54, 0.540, 253, 2958, 954.55
55, 0.550, 253, 3029, 968.18
56, 0.560, 252, 3099, 954.55
57, 0.570, 251, 3169, 954.55
58, 0.580, 250, 3240, 968.18
59, 0.590, 249, 3310, 954.55
60, 0.600, 248, 3383, 995.45
61, 0.610, 247, 3452, 940.91
62, 0.620, 246, 3525, 995.45
63, 0.630, 244, 3597, 981.82
64, 0.640, 242, 3667, 954.55
65, 0.650, 241, 3740, 995.45
66, 0.660, 239, 3809, 940.91
67, 0.670, 237, 3878, 940.91
68, 0.680, 235, 3946, 927.27
69, 0.690, 232, 4015, 940.91
70, 0.700, 230, 4083, 927.27
71, 0.710, 228, 4151, 927.27
72, 0.720, 225, 4220, 940.91
73, 0.730, 223, 4286, 900.00
74, 0.740, 220, 4353, 913.64
75, 0.750, 217, 4420, 913.64
76, 0.760, 214, 4485, 886.36
77, 0.770, 211, 4551, 900.00
78, 0.780, 208, 4614, 859.09
79, 0.790, 205, 4676, 845.45
80, 0.800, 202, 4739, 859.09
81, 0.810, 199, 4801, 845.45
82, 0.820, 195, 4864, 859.09
83, 0.830, 192, 4923, 804.55
84, 0.840, 188, 4982, 804.55
85, 0.850, 185, 5039, 777.27
86, 0.860, 181, 5100, 831.82
87, 0.870, 178, 5157, 777.27
88, 0.880, 174, 5214, 777.27
89, 0.890, 170, 5270, 763.64
90, 0.900, 166, 5325, 750.00
91, 0.910, 163, 5378, 722.73
92, 0.920, 159, 5431, 722.73
93, 0.930, 155, 5486, 750.00
94, 0.940, 151, 5535, 668.18
95, 0.950, 147, 5585, 681.82
96, 0.960, 143, 5633, 654.55
97, 0.970, 139, 5681, 654.55
98, 0.980, 135, 5728, 640.91
99, 0.990, 131, 5773, 613.64
100, 1.000, 127, 5818, 613.64
101, 1.010, 123, 5862, 600.00
102, 1.020, 119, 5904, 572.73
103, 1.030, 115, 5947, 586.36
104, 1.040, 111, 5989, 572.73
105, 1.050, 107, 6027, 518.18
106, 1.060, 103, 6066, 531.82
107, 1.070, 99, 6100, 463.64
108, 1.080, 95, 6134, 463.64
109, 1.090, 91, 6169, 477.27
110, 1.100, 88, 6201, 436.36
111, 1.110, 84, 6234, 450.00
112, 1.120, 80, 6264, 409.09
113, 1.130, 76, 6293, 395.45
114, 1.140, 73, 6319, 354.55
115, 1.150, 69, 6345, 354.55
116, 1.160, 66, 6373, 381.82
117, 1.170, 62, 6397, 327.27
118, 1.180, 59, 6420, 313.64
119, 1.190, 55, 6442, 300.00
120, 1.200, 52, 6463, 286.36
121, 1.210, 49, 6483, 272.73
122, 1.220, 46, 6501, 245.45
123, 1.230, 43, 6520, 259.09
124, 1.240, 40, 6538, 245.45
125, 1.250, 37, 6550, 163.64
126, 1.260, 34, 6563, 177.27
127, 1.270, 31, 6579, 218.18
128, 1.280, 29, 6591, 163.64
129, 1.290, 26, 6604, 177.27
130, 1.300, 24, 6614, 136.36
131, 1.310, 22, 6624, 136.36
132, 1.320, 19, 6634, 136.36
133, 1.330, 17, 6640, 81.82
134, 1.340, 15, 6646, 81.82
135, 1.350, 13, 6651, 68.18
136, 1.360, 12, 6655, 54.55
137, 1.370, 10, 6659, 54.55
138, 1.380, 8, 6662, 40.91
139, 1.390, 7, 6666, 54.55
140, 1.400, 6, 6666, 0.00
141, 1.410, 5, 6669, 40.91
142, 1.420, 4, 6671, 27.27
143, 1.430, 3, 6671, 0.00
144, 1.440, 2, 6666, -68.18
145, 1.450, 1, 6655, -150.00
146, 1.460, 1, 6654, -13.64
147, 1.470, 0, 6653, -13.64
148, 1.480, 0, 6653, 0.00
149, 1.490, 0, 6653, 0.00
150, 1.500, 0, 6653, 0.00
151, 1.510, 0, 6653, 0.00
152, 1.520, 0, 6653, 0.00
153, 1.530, 0, 6653, 0.00
154, 1.540, 1, 6653, 0.00
155, 1.550, 1, 6652, -13.64
156, 1.560, 2, 6651, -13.64
157, 1.570, 3, 6641, -136.36
158, 1.580, 4, 6630, -150.00
159, 1.590, 5, 6619, -150.00
160, 1.600, 6, 6609, -136.36
161, 1.610, 7, 6599, -136.36
162, 1.620, 8, 6588, -150.00
163, 1.630, 10, 6577, -150.00
164, 1.640, 12, 6566, -150.00
165, 1.650, 13, 6555, -150.00
166, 1.660, 15, 6544, -150.00
167, 1.670, 17, 6533, -150.00
168, 1.680, 19, 6532, -13.64
169, 1.690, 22, 6532, 0.00
170, 1.700, 24, 6532, 0.00
171, 1.710, 26, 6532, 0.00
172, 1.720, 29, 6535, 40.91
173, 1.730, 31, 6536, 13.64
174, 1.740, 34, 6536, 0.00
175, 1.750, 37, 6535, -13.64
176, 1.760, 40, 6538, 40.91
177, 1.770, 43, 6543, 68.18
178, 1.780, 46, 6545, 27.27
179, 1.790, 49, 6549, 54.55
180, 1.800, 52, 6555, 81.82
181, 1.810, 55, 6561, 81.82
182, 1.820, 59, 6571, 136.36
183, 1.830, 62, 6577, 81.82
184, 1.840, 66, 6586, 122.73
185, 1.850, 69, 6600, 190.91
186, 1.860, 73, 6611, 150.00
187, 1.870, 76, 6625, 190.91
188, 1.880, 80, 6639, 190.91
189, 1.890, 84, 6656, 231.82
190, 1.900, 88, 6671, 204.55
191, 1.910, 91, 6688, 231.82
192, 1.920, 95, 6706, 245.45
193, 1.930, 99, 6724, 245.45
194, 1.940, 103, 6744, 272.73
195, 1.950, 107, 6765, 286.36
196, 1.960, 111, 6787, 300.00
197, 1.970, 115, 6813, 354.55
198, 1.980, 119, 6838, 340.91
199, 1.990, 123, 6864, 354.55
200, 2.000, 127, 6891, 368.18
201, 2.010, 131, 6917, 354.55
202, 2.020, 135, 6945, 381.82
203, 2.030, 139, 6974, 395.45
204, 2.040, 143, 7003, 395.45
205, 2.050, 147, 7036, 450.00
206, 2.060, 151, 7071, 477.27
207, 2.070, 155, 7107, 490.91
208, 2.080, 159, 7142, 477.27
209, 2.090, 163, 7179, 504.55
210, 2.100, 166, 7216, 504.55
211, 2.110, 170, 7258, 572.73
212, 2.120, 174, 7301, 586.36
213, 2.130, 178, 7341, 545.45
214, 2.140, 181, 7380, 531.82
215, 2.150, 185, 7424, 600.00
216, 2.160, 188, 7468, 600.00
217, 2.170, 192, 7513, 613.64
218, 2.180, 195, 7558, 613.64
219, 2.190, 199, 7606, 654.55
220, 2.200, 202, 7652, 627.27
221, 2.210, 205, 7702, 681.82
222, 2.220, 208, 7751, 668.18
223, 2.230, 211, 7799, 654.55
224, 2.240, 214, 7852, 722.73
225, 2.250, 217, 7906, 736.36
226, 2.260, 220, 7960, 736.36
227, 2.270, 223, 8015, 750.00
228, 2.280, 225, 8068, 722.73
229, 2.290, 228, 8125, 777.27
230, 2.300, 230, 8184, 804.55
231, 2.310, 232, 8244, 818.18
232, 2.320, 235, 8303, 804.55
233, 2.330, 237, 8361, 790.91
234, 2.340, 239, 8421, 818.18
235, 2.350, 241, 8481, 818.18
236, 2.360, 242, 8544, 859.09
237, 2.370, 244, 8608, 872.73
238, 2.380, 246, 8671, 859.09
239, 2.390, 247, 8734, 859.09
240, 2.400, 248, 8797, 859.09
241, 2.410, 249, 8863, 900.00
242, 2.420, 250, 8930, 913.64
243, 2.430, 251, 8993, 859.09
244, 2.440, 252, 9059, 900.00
245, 2.450, 253, 9126, 913.64
246, 2.460, 253, 9193, 913.64
247, 2.470, 254, 9261, 927.27
248, 2.480, 254, 9331, 954.55
249, 2.490, 254, 9401, 954.55
250, 2.500, 255, 9472, 968.18
251, 2.510, 254, 9542, 954.55
252, 2.520, 254, 9610, 927.27
253, 2.530, 254, 9678, 927.27
254, 2.540, 253, 9747, 940.91
255, 2.550, 253, 9818, 968.18
256, 2.560, 252, 9889, 968.18
257, 2.570, 251, 9958, 940.91
258, 2.580, 250, 10029, 968.18
259, 2.590, 249, 10099, 954.55
260, 2.600, 248, 10165, 900.00
261, 2.610, 247, 10235, 954.55
262, 2.620, 246, 10307, 981.82
263, 2.630, 244, 10377, 954.55
264, 2.640, 242, 10446, 940.91
265, 2.650, 241, 10515, 940.91
266, 2.660, 239, 10584, 940.91
267, 2.670, 237, 10654, 954.55
268, 2.680, 235, 10722, 927.27
269, 2.690, 232, 10789, 913.64
270, 2.700, 230, 10857, 927.27
271, 2.710, 228, 10925, 927.27
272, 2.720, 225, 10991, 900.00
273, 2.730, 223, 11058, 913.64
274, 2.740, 220, 11125, 913.64
275, 2.750, 217, 11192, 913.64
276, 2.760, 214, 11260, 927.27
277, 2.770, 211, 11326, 900.00
278, 2.780, 208, 11388, 845.45
279, 2.790, 205, 11453, 886.36
280, 2.800, 202, 11517, 872.73
281, 2.810, 199, 11579, 845.45
282, 2.820, 195, 11643, 872.73
283, 2.830, 192, 11704, 831.82
284, 2.840, 188, 11763, 804.55
285, 2.850, 185, 11820, 777.27
286, 2.860, 181, 11878, 790.91
287, 2.870, 178, 11934, 763.64
288, 2.880, 174, 11992, 790.91
289, 2.890, 170, 12050, 790.91
290, 2.900, 166, 12103, 722.73
291, 2.910, 163, 12157, 736.36
292, 2.920, 159, 12210, 722.73
293, 2.930, 155, 12261, 695.45
294, 2.940, 151, 12312, 695.45
295, 2.950, 147, 12366, 736.36
296, 2.960, 143, 12414, 654.55
297, 2.970, 139, 12464, 681.82
298, 2.980, 135, 12510, 627.27
299, 2.990, 131, 12555, 613.64
300, 3.000, 127, 12601, 627.27
301, 3.010, 123, 12644, 586.36
302, 3.020, 119, 12686, 572.73
303, 3.030, 115, 12725, 531.82
304, 3.040, 111, 12763, 518.18
305, 3.050, 107, 12801, 518.18
306, 3.060, 103, 12838, 504.55
307, 3.070, 99, 12874, 490.91
308, 3.080, 95, 12909, 477.27
309, 3.090, 91, 12945, 490.91
310, 3.100, 88, 12978, 450.00
311, 3.110, 84, 13010, 436.36
312, 3.120, 80, 13039, 395.45
313, 3.130, 76, 13072, 450.00
314, 3.140, 73, 13097, 340.91
315, 3.150, 69, 13125, 381.82
316, 3.160, 66, 13147, 300.00
317, 3.170, 62, 13171, 327.27
318, 3.180, 59, 13194, 313.64
319, 3.190, 55, 13216, 300.00
320, 3.200, 52, 13238, 300.00
321, 3.210, 49, 13258, 272.73
322, 3.220, 46, 13277, 259.09
323, 3.230, 43, 13293, 218.18
324, 3.240, 40, 13312, 259.09
325, 3.250, 37, 13326, 190.91
326, 3.260, 34, 13342, 218.18
327, 3.270, 31, 13354, 163.64
328, 3.280, 29, 13367, 177.27
329, 3.290, 26, 13377, 136.36
330, 3.300, 24, 13388, 150.00
331, 3.310, 22, 13399, 150.00
332, 3.320, 19, 13406, 95.45
333, 3.330, 17, 13415, 122.73
334, 3.340, 15, 13423, 109.09
335, 3.350, 13, 13429, 81.82
336, 3.360, 12, 13434, 68.18
337, 3.370, 10, 13439, 68.18
338, 3.380, 8, 13442, 40.91
339, 3.390, 7, 13445, 40.91
340, 3.400, 6, 13445, 0.00
341, 3.410, 5, 13447, 27.27
342, 3.420, 4, 13450, 40.91
343, 3.430, 3, 13448, -27.27
344, 3.440, 2, 13448, 0.00
345, 3.450, 1, 13448, 0.00
346, 3.460, 1, 13448, 0.00
347, 3.470, 0, 13448, 0.00
348, 3.480, 0, 13448, 0.00
349, 3.490, 0, 13448, 0.00
350, 3.500, 0, 13448, 0.00
351, 3.510, 0, 13448, 0.00
352, 3.520, 0, 13448, 0.00
353, 3.530, 0, 13448, 0.00
354, 3.540, 1, 13448, 0.00
355, 3.550, 1, 13448, 0.00
356, 3.560, 2, 13448, 0.00
357, 3.570, 3, 13448, 0.00
358, 3.580, 4, 13448, 0.00
359, 3.590, 5, 13448, 0.00
360, 3.600, 6, 13448, 0.00
361, 3.610, 7, 13448, 0.00
362, 3.620, 8, 13448, 0.00
363, 3.630, 10, 13448, 0.00
364, 3.640, 12, 13448, 0.00
365, 3.650, 13, 13448, 0.00
366, 3.660, 15, 13446, -27.27
367, 3.670, 17, 13444, -27.27
368, 3.680, 19, 13447, 40.91
369, 3.690, 22, 13449, 27.27
370, 3.700, 24, 13449, 0.00
371, 3.710, 26, 13450, 13.64
372, 3.720, 29, 13455, 68.18
373, 3.730, 31, 13460, 68.18
374, 3.740, 34, 13464, 54.55
375, 3.750, 37, 13469, 68.18
376, 3.760, 40, 13478, 122.73
377, 3.770, 43, 13483, 68.18
378, 3.780, 46, 13489, 81.82
379, 3.790, 49, 13497, 109.09
380, 3.800, 52, 13505, 109.09
381, 3.810, 55, 13513, 109.09
382, 3.820, 59, 13522, 122.73
383, 3.830, 62, 13530, 109.09
384, 3.840, 66, 13543, 177.27
385, 3.850, 69, 13554, 150.00
386, 3.860, 73, 13567, 177.27
387, 3.870, 76, 13581, 190.91
388, 3.880, 80, 13595, 190.91
389, 3.890, 84, 13614, 259.09
390, 3.900, 88, 13630, 218.18
391, 3.910, 91, 13648, 245.45
392, 3.920, 95, 13667, 259.09
393, 3.930, 99, 13687, 272.73
394, 3.940, 103, 13711, 327.27
395, 3.950, 107, 13732, 286.36
396, 3.960, 111, 13756, 327.27
397, 3.970, 115, 13776, 272.73
398, 3.980, 119, 13802, 354.55
399, 3.990, 123, 13828, 354.55
400, 4.000, 127, 13852, 327.27
401, 4.010, 131, 13877, 340.91
402, 4.020, 135, 13905, 381.82
403, 4.030, 139, 13938, 450.00
404, 4.040, 143, 13969, 422.73
405, 4.050, 147, 14002, 450.00
406, 4.060, 151, 14037, 477.27
407, 4.070, 155, 14071, 463.64
408, 4.080, 159, 14108, 504.55
409, 4.090, 163, 14146, 518.18
410, 4.100, 166, 14180, 463.64
411, 4.110, 170, 14219, 531.82
412, 4.120, 174, 14260, 559.09
413, 4.130, 178, 14299, 531.82
414, 4.140, 181, 14339, 545.45
415, 4.150, 185, 14382, 586.36
416, 4.160, 188, 14426, 600.00
417, 4.170, 192, 14471, 613.64
418, 4.180, 195, 14517, 627.27
419, 4.190, 199, 14565, 654.55
420, 4.200, 202, 14614, 668.18
421, 4.210, 205, 14662, 654.55
422, 4.220, 208, 14710, 654.55
423, 4.230, 211, 14760, 681.82
424, 4.240, 214, 14813, 722.73
425, 4.250, 217, 14869, 763.64
426, 4.260, 220, 14923, 736.36
427, 4.270, 223, 14977, 736.36
428, 4.280, 225, 15033, 763.64
429, 4.290, 228, 15090, 777.27
430, 4.300, 230, 15145, 750.00
431, 4.310, 232, 15201, 763.64
432, 4.320, 235, 15261, 818.18
433, 4.330, 237, 15319, 790.91
434, 4.340, 239, 15377, 790.91
435, 4.350, 241, 15439, 845.45
436, 4.360, 242, 15503, 872.73
437, 4.370, 244, 15565, 845.45
438, 4.380, 246, 15629, 872.73
439, 4.390, 247, 15693, 872.73
440, 4.400, 248, 15757, 872.73
441, 4.410, 249, 15824, 913.64
442, 4.420, 250, 15887, 859.09
443, 4.430, 251, 15954, 913.64
444, 4.440, 252, 16018, 872.73
445, 4.450, 253, 16082, 872.73
446, 4.460, 253, 16152, 954.55
447, 4.470, 254, 16220, 927.27
448, 4.480, 254, 16290, 954.55
449, 4.490, 254, 16357, 913.64
450, 4.500, 255, 16427, 954.55
451, 4.510, 254, 16496, 940.91
452, 4.520, 254, 16566, 954.55
453, 4.530, 254, 16635, 940.91
454, 4.540, 253, 16705, 954.55
455, 4.550, 253, 16775, 954.55
456, 4.560, 252, 16844, 940.91
457, 4.570, 251, 16913, 940.91
458, 4.580, 250, 16985, 981.82
459, 4.590, 249, 17056, 968.18
460, 4.600, 248, 17123, 913.64
461, 4.610, 247, 17194, 968.18
462, 4.620, 246, 17266, 981.82
463, 4.630, 244, 17335, 940.91
464, 4.640, 242, 17405, 954.55
465, 4.650, 241, 17476, 968.18
466, 4.660, 239, 17547, 968.18
467, 4.670, 237, 17619, 981.82
468, 4.680, 235, 17691, 981.82
469, 4.690, 232, 17759, 927.27
470, 4.700, 230, 17830, 968.18
471, 4.710, 228, 17896, 900.00
472, 4.720, 225, 17961, 886.36
473, 4.730, 223, 18026, 886.36
474, 4.740, 220, 18096, 954.55
475, 4.750, 217, 18161, 886.36
476, 4.760, 214, 18228, 913.64
477, 4.770, 211, 18291, 859.09
478, 4.780, 208, 18354, 859.09
479, 4.790, 205, 18417, 859.09
480, 4.800, 202, 18480, 859.09
481, 4.810, 199, 18543, 859.09
482, 4.820, 195, 18604, 831.82
483, 4.830, 192, 18663, 804.55
484, 4.840, 188, 18722, 804.55
485, 4.850, 185, 18780, 790.91
486, 4.860, 181, 18839, 804.55
487, 4.870, 178, 18898, 804.55
488, 4.880, 174, 18955, 777.27
489, 4.890, 170, 19012, 777.27
490, 4.900, 166, 19068, 763.64
491, 4.910, 163, 19120, 709.09
492, 4.920, 159, 19172, 709.09
493, 4.930, 155, 19225, 722.73
494, 4.940, 151, 19276, 695.45
495, 4.950, 147, 19325, 668.18
496, 4.960, 143, 19373, 654.55
497, 4.970, 139, 19421, 654.55
498, 4.980, 135, 19468, 640.91
499, 4.990, 131, 19512, 600.00
500, 5.000, 127, 19554, 572.73
501, 5.010, 123, 19598, 600.00
502, 5.020, 119, 19639, 559.09
503, 5.030, 115, 19679, 545.45
504, 5.040, 111, 19720, 559.09
505, 5.050, 107, 19761, 559.09
506, 5.060, 103, 19799, 518.18
507, 5.070, 99, 19833, 463.64
508, 5.080, 95, 19868, 477.27
509, 5.090, 91, 19902, 463.64
510, 5.100, 88, 19934, 436.36
511, 5.110, 84, 19965, 422.73
512, 5.120, 80, 19995, 409.09
513, 5.130, 76, 20023, 381.82
514, 5.140, 73, 20052, 395.45
515, 5.150, 69, 20075, 313.64
516, 5.160, 66, 20104, 395.45
517, 5.170, 62, 20129, 340.91
518, 5.180, 59, 20153, 327.27
519, 5.190, 55, 20175, 300.00
520, 5.200, 52, 20197, 300.00
521, 5.210, 49, 20218, 286.36
522, 5.220, 46, 20238, 272.73
523, 5.230, 43, 20260, 300.00
524, 5.240, 40, 20277, 231.82
525, 5.250, 37, 20293, 218.18
526, 5.260, 34, 20307, 190.91
527, 5.270, 31, 20318, 150.00
528, 5.280, 29, 20330, 163.64
529, 5.290, 26, 20344, 190.91
530, 5.300, 24, 20352, 109.09
531, 5.310, 22, 20361, 122.73
532, 5.320, 19, 20369, 109.09
533, 5.330, 17, 20375, 81.82
534, 5.340, 15, 20380, 68.18
535, 5.350, 13, 20385, 68.18
536, 5.360, 12, 20391, 81.82
537, 5.370, 10, 20398, 95.45
538, 5.380, 8, 20402, 54.55
539, 5.390, 7, 20405, 40.91
540, 5.400, 6, 20408, 40.91
541, 5.410, 5, 20408, 0.00
542, 5.420, 4, 20406, -27.27
543, 5.430, 3, 20406, 0.00
544, 5.440, 2, 20406, 0.00
545, 5.450, 1, 20406, 0.00
546, 5.460, 1, 20406, 0.00
547, 5.470, 0, 20406, 0.00
548, 5.480, 0, 20406, 0.00
549, 5.490, 0, 20406, 0.00
550, 5.500, 0, 20406, 0.00
551, 5.510, 0, 20406, 0.00
552, 5.520, 0, 20406, 0.00
553, 5.530, 0, 20406, 0.00
554, 5.540, 1, 20406, 0.00
555, 5.550, 1, 20406, 0.00
556, 5.560, 2, 20406, 0.00
557, 5.570, 3, 20406, 0.00
558, 5.580, 4, 20406, 0.00
559, 5.590, 5, 20406, 0.00
560, 5.600, 6, 20406, 0.00
561, 5.610, 7, 20406, 0.00
562, 5.620, 8, 20406, 0.00
563, 5.630, 10, 20406, 0.00
564, 5.640, 12, 20406, 0.00
565, 5.650, 13, 20406, 0.00
566, 5.660, 15, 20406, 0.00
567, 5.670, 17, 20406, 0.00
568, 5.680, 19, 20406, 0.00
569, 5.690, 22, 20406, 0.00
570, 5.700, 24, 20406, 0.00
571, 5.710, 26, 20410, 54.55
572, 5.720, 29, 20412, 27.27
573, 5.730, 31, 20411, -13.64
574, 5.740, 34, 20413, 27.27
575, 5.750, 37, 20416, 40.91
576, 5.760, 40, 20419, 40.91
577, 5.770, 43, 20422, 40.91
578, 5.780, 46, 20427, 68.18
579, 5.790, 49, 20436, 122.73
580, 5.800, 52, 20443, 95.45
581, 5.810, 55, 20450, 95.45
582, 5.820, 59, 20460, 136.36
583, 5.830, 62, 20469, 122.73
584, 5.840, 66, 20478, 122.73
585, 5.850, 69, 20489, 150.00
586, 5.860, 73, 20501, 163.64
587, 5.870, 76, 20516, 204.55
588, 5.880, 80, 20529, 177.27
589, 5.890, 84, 20544, 204.55
590, 5.900, 88, 20562, 245.45
591, 5.910, 91, 20581, 259.09
592, 5.920, 95, 20599, 245.45
593, 5.930, 99, 20620, 286.36
594, 5.940, 103, 20637, 231.82
595, 5.950, 107, 20662, 340.91
596, 5.960, 111, 20681, 259.09
597, 5.970, 115, 20702, 286.36
598, 5.980, 119, 20727, 340.91
599, 5.990, 123, 20750, 313.64
600, 6.000, 127, 20775, 340.91
601, 6.010, 131, 20802, 368.18
602, 6.020, 135, 20830, 381.82
603, 6.030, 139, 20860, 409.09
604, 6.040, 143, 20891, 422.73
605, 6.050, 147, 20921, 409.09
606, 6.060, 151, 20952, 422.73
607, 6.070, 155, 20987, 477.27
608, 6.080, 159, 21024, 504.55
609, 6.090, 163, 21061, 504.55
610, 6.100, 166, 21102, 559.09
611, 6.110, 170, 21140, 518.18
612, 6.120, 174, 21184, 600.00
613, 6.130, 178, 21225, 559.09
614, 6.140, 181, 21269, 600.00
615, 6.150, 185, 21312, 586.36
616, 6.160, 188, 21355, 586.36
617, 6.170, 192, 21400, 613.64
618, 6.180, 195, 21446, 627.27
619, 6.190, 199, 21493, 640.91
620, 6.200, 202, 21541, 654.55
621, 6.210, 205, 21593, 709.09
622, 6.220, 208, 21642, 668.18
623, 6.230, 211, 21694, 709.09
624, 6.240, 214, 21744, 681.82
625, 6.250, 217, 21795, 695.45
626, 6.260, 220, 21847, 709.09
627, 6.270, 223, 21903, 763.64
628, 6.280, 225, 21959, 763.64
629, 6.290, 228, 22017, 790.91
630, 6.300, 230, 22076, 804.55
631, 6.310, 232, 22134, 790.91
632, 6.320, 235, 22192, 790.91
633, 6.330, 237, 22253, 831.82
634, 6.340, 239, 22314, 831.82
635, 6.350, 241, 22375, 831.82
636, 6.360, 242, 22436, 831.82
637, 6.370, 244, 22498, 845.45
638, 6.380, 246, 22560, 845.45
639, 6.390, 247, 22624, 872.73
640, 6.400, 248, 22688, 872.73
641, 6.410, 249, 22752, 872.73
642, 6.420, 250, 22818, 900.00
643, 6.430, 251, 22885, 913.64
644, 6.440, 252, 22951, 900.00
645, 6.450, 253, 23019, 927.27
646, 6.460, 253, 23086, 913.64
647, 6.470, 254, 23155, 940.91
648, 6.480, 254, 23222, 913.64
649, 6.490, 254, 23289, 913.64
650, 6.500, 255, 23358, 940.91
651, 6.510, 254, 23427, 940.91
652, 6.520, 254, 23496, 940.91
653, 6.530, 254, 23566, 954.55
654, 6.540, 253, 23635, 940.91
655, 6.550, 253, 23705, 954.55
656, 6.560, 252, 23774, 940.91
657, 6.570, 251, 23845, 968.18
658, 6.580, 250, 23915, 954.55
659, 6.590, 249, 23984, 940.91
660, 6.600, 248, 24053, 940.91
661, 6.610, 247, 24123, 954.55
662, 6.620, 246, 24194, 968.18
663, 6.630, 244, 24264, 954.55
664, 6.640, 242, 24333, 940.91
665, 6.650, 241, 24402, 940.91
666, 6.660, 239, 24471, 940.91
667, 6.670, 237, 24542, 968.18
668, 6.680, 235, 24608, 900.00
669, 6.690, 232, 24680, 981.82
670, 6.700, 230, 24751, 968.18
671, 6.710, 228, 24820, 940.91
672, 6.720, 225, 24890, 954.55
673, 6.730, 223, 24956, 900.00
674, 6.740, 220, 25023, 913.64
675, 6.750, 217, 25089, 900.00
676, 6.760, 214, 25153, 872.73
677, 6.770, 211, 25216, 859.09
678, 6.780, 208, 25278, 845.45
679, 6.790, 205, 25343, 886.36
680, 6.800, 202, 25406, 859.09
681, 6.810, 199, 25468, 845.45
682, 6.820, 195, 25529, 831.82
683, 6.830, 192, 25590, 831.82
684, 6.840, 188, 25650, 818.18
685, 6.850, 185, 25708, 790.91
686, 6.860, 181, 25766, 790.91
687, 6.870, 178, 25824, 790.91
688, 6.880, 174, 25881, 777.27
689, 6.890, 170, 25936, 750.00
690, 6.900, 166, 25991, 750.00
691, 6.910, 163, 26044, 722.73
692, 6.920, 159, 26097, 722.73
693, 6.930, 155, 26149, 709.09
694, 6.940, 151, 26201, 709.09
695, 6.950, 147, 26252, 695.45
696, 6.960, 143, 26302, 681.82
697, 6.970, 139, 26349, 640.91
698, 6.980, 135, 26396, 640.91
699, 6.990, 131, 26444, 654.55
700, 7.000, 127, 26488, 600.00
701, 7.010, 123, 26531, 586.36
702, 7.020, 119, 26571, 545.45
703, 7.030, 115, 26614, 586.36
704, 7.040, 111, 26651, 504.55
705, 7.050, 107, 26690, 531.82
706, 7.060, 103, 26729, 531.82
707, 7.070, 99, 26767, 518.18
708, 7.080, 95, 26802, 477.27
709, 7.090, 91, 26838, 490.91
710, 7.100, 88, 26868, 409.09
711, 7.110, 84, 26897, 395.45
712, 7.120, 80, 26927, 409.09
713, 7.130, 76, 26951, 327.27
714, 7.140, 73, 26979, 381.82
715, 7.150, 69, 27005, 354.55
716, 7.160, 66, 27030, 340.91
717, 7.170, 62, 27054, 327.27
718, 7.180, 59, 27076, 300.00
719, 7.190, 55, 27096, 272.73
720, 7.200, 52, 27119, 313.64
721, 7.210, 49, 27138, 259.09
722, 7.220, 46, 27156, 245.45
723, 7.230, 43, 27177, 286.36
724, 7.240, 40, 27191, 190.91
725, 7.250, 37, 27205, 190.91
726, 7.260, 34, 27219, 190.91
727, 7.270, 31, 27236, 231.82
728, 7.280, 29, 27249, 177.27
729, 7.290, 26, 27260, 150.00
730, 7.300, 24, 27270, 136.36
731, 7.310, 22, 27282, 163.64
732, 7.320, 19, 27286, 54.55
733, 7.330, 17, 27292, 81.82
734, 7.340, 15, 27298, 81.82
735, 7.350, 13, 27304, 81.82
736, 7.360, 12, 27309, 68.18
737, 7.370, 10, 27316, 95.45
738, 7.380, 8, 27320, 54.55
739, 7.390, 7, 27325, 68.18
740, 7.400, 6, 27327, 27.27
741, 7.410, 5, 27330, 40.91
742, 7.420, 4, 27333, 40.91
743, 7.430, 3, 27336, 40.91
744, 7.440, 2, 27336, 0.00
745, 7.450, 1, 27336, 0.00
746, 7.460, 1, 27336, 0.00
747, 7.470, 0, 27336, 0.00
748, 7.480, 0, 27336, 0.00
749, 7.490, 0, 27336, 0.00
750, 7.500, 0, 27336, 0.00
751, 7.510, 0, 27336, 0.00
752, 7.520, 0, 27336, 0.00
753, 7.530, 0, 27336, 0.00
754, 7.540, 1, 27336, 0.00
755, 7.550, 1, 27336, 0.00
756, 7.560, 2, 27336, 0.00
757, 7.570, 3, 27336, 0.00
758, 7.580, 4, 27336, 0.00
759, 7.590, 5, 27336, 0.00
760, 7.600, 6, 27336, 0.00
761, 7.610, 7, 27336, 0.00
762, 7.620, 8, 27336, 0.00
763, 7.630, 10, 27336, 0.00
764, 7.640, 12, 27336, 0.00
765, 7.650, 13, 27336, 0.00
766, 7.660, 15, 27336, 0.00
767, 7.670, 17, 27336, 0.00
768, 7.680, 19, 27336, 0.00
769, 7.690, 22, 27336, 0.00
770, 7.700, 24, 27336, 0.00
771, 7.710, 26, 27336, 0.00
772, 7.720, 29, 27336, 0.00
773, 7.730, 31, 27334, -27.27
774, 7.740, 34, 27334, 0.00
775, 7.750, 37, 27338, 54.55
776, 7.760, 40, 27337, -13.64
777, 7.770, 43, 27343, 81.82
778, 7.780, 46, 27346, 40.91
779, 7.790, 49, 27352, 81.82
780, 7.800, 52, 27359, 95.45
781, 7.810, 55, 27367, 109.09
782, 7.820, 59, 27373, 81.82
783, 7.830, 62, 27381, 109.09
784, 7.840, 66, 27393, 163.64
785, 7.850, 69, 27404, 150.00
786, 7.860, 73, 27416, 163.64
787, 7.870, 76, 27429, 177.27
788, 7.880, 80, 27443, 190.91
789, 7.890, 84, 27458, 204.55
790, 7.900, 88, 27474, 218.18
791, 7.910, 91, 27492, 245.45
792, 7.920, 95, 27511, 259.09
793, 7.930, 99, 27529, 245.45
794, 7.940, 103, 27550, 286.36
795, 7.950, 107, 27572, 300.00
796, 7.960, 111, 27594, 300.00
797, 7.970, 115, 27617, 313.64
798, 7.980, 119, 27642, 340.91
799, 7.990, 123, 27667, 340.91
800, 8.000, 127, 27694, 368.18
801, 8.010, 131, 27721, 368.18
802, 8.020, 135, 27751, 409.09
803, 8.030, 139, 27781, 409.09
804, 8.040, 143, 27813, 436.36
805, 8.050, 147, 27844, 422.73
806, 8.060, 151, 27878, 463.64
807, 8.070, 155, 27909, 422.73
808, 8.080, 159, 27945, 490.91
809, 8.090, 163, 27984, 531.82
810, 8.100, 166, 28025, 559.09
811, 8.110, 170, 28061, 490.91
812, 8.120, 174, 28100, 531.82
813, 8.130, 178, 28140, 545.45
814, 8.140, 181, 28183, 586.36
815, 8.150, 185, 28224, 559.09
816, 8.160, 188, 28271, 640.91
817, 8.170, 192, 28314, 586.36
818, 8.180, 195, 28361, 640.91
819, 8.190, 199, 28409, 654.55
820, 8.200, 202, 28457, 654.55
821, 8.210, 205, 28507, 681.82
822, 8.220, 208, 28557, 681.82
823, 8.230, 211, 28609, 709.09
824, 8.240, 214, 28662, 722.73
825, 8.250, 217, 28715, 722.73
826, 8.260, 220, 28769, 736.36
827, 8.270, 223, 28824, 750.00
828, 8.280, 225, 28878, 736.36
829, 8.290, 228, 28935, 777.27
830, 8.300, 230, 28992, 777.27
831, 8.310, 232, 29050, 790.91
832, 8.320, 235, 29108, 790.91
833, 8.330, 237, 29168, 818.18
834, 8.340, 239, 29230, 845.45
835, 8.350, 241, 29293, 859.09
836, 8.360, 242, 29356, 859.09
837, 8.370, 244, 29419, 859.09
838, 8.380, 246, 29484, 886.36
839, 8.390, 247, 29544, 818.18
840, 8.400, 248, 29612, 927.27
841, 8.410, 249, 29678, 900.00
842, 8.420, 250, 29745, 913.64
843, 8.430, 251, 29812, 913.64
844, 8.440, 252, 29882, 954.55
845, 8.450, 253, 29949, 913.64
846, 8.460, 253, 30018, 940.91
847, 8.470, 254, 30083, 886.36
848, 8.480, 254, 30152, 940.91
849, 8.490, 254, 30222, 954.55
850, 8.500, 255, 30292, 954.55
851, 8.510, 254, 30361, 940.91
852, 8.520, 254, 30430, 940.91
853, 8.530, 254, 30501, 968.18
854, 8.540, 253, 30571, 954.55
855, 8.550, 253, 30641, 954.55
856, 8.560, 252, 30709, 927.27
857, 8.570, 251, 30779, 954.55
858, 8.580, 250, 30850, 968.18
859, 8.590, 249, 30920, 954.55
860, 8.600, 248, 30992, 981.82
861, 8.610, 247, 31063, 968.18
862, 8.620, 246, 31132, 940.91
863, 8.630, 244, 31203, 968.18
864, 8.640, 242, 31272, 940.91
865, 8.650, 241, 31341, 940.91
866, 8.660, 239, 31413, 981.82
867, 8.670, 237, 31481, 927.27
868, 8.680, 235, 31550, 940.91
869, 8.690, 232, 31620, 954.55
870, 8.700, 230, 31688, 927.27
871, 8.710, 228, 31757, 940.91
872, 8.720, 225, 31823, 900.00
873, 8.730, 223, 31890, 913.64
874, 8.740, 220, 31958, 927.27
875, 8.750, 217, 32024, 900.00
876, 8.760, 214, 32089, 886.36
877, 8.770, 211, 32154, 886.36
878, 8.780, 208, 32218, 872.73
879, 8.790, 205, 32280, 845.45
880, 8.800, 202, 32343, 859.09
881, 8.810, 199, 32406, 859.09
882, 8.820, 195, 32468, 845.45
883, 8.830, 192, 32527, 804.55
884, 8.840, 188, 32586, 804.55
885, 8.850, 185, 32647, 831.82
886, 8.860, 181, 32706, 804.55
887, 8.870, 178, 32763, 777.27
888, 8.880, 174, 32818, 750.00
889, 8.890, 170, 32875, 777.27
890, 8.900, 166, 32932, 777.27
891, 8.910, 163, 32984, 709.09
892, 8.920, 159, 33036, 709.09
893, 8.930, 155, 33085, 668.18
894, 8.940, 151, 33136, 695.45
895, 8.950, 147, 33185, 668.18
896, 8.960, 143, 33234, 668.18
897, 8.970, 139, 33282, 654.55
898, 8.980, 135, 33327, 613.64
899, 8.990, 131, 33372, 613.64
900, 9.000, 127, 33417, 613.64
901, 9.010, 123, 33456, 531.82
902, 9.020, 119, 33501, 613.64
903, 9.030, 115, 33541, 545.45
904, 9.040, 111, 33581, 545.45
905, 9.050, 107, 33619, 518.18